20.633 5.439 1.0
66.198 4.497000000000014 1.0
86.44 4.307000000000016 1.0
103.864 5.569999999999993 1.0
123.99900000000001 5.478999999999999 1.0
133.814 4.3349999999999795 1.0
152.76399999999998 5.181000000000012 1.0
171.672 4.753999999999991 1.0
181.289 4.617999999999995 1.0
200.851 4.416999999999973 1.0
245.51999999999998 5.089000000000027 1.0
264.365 4.533999999999992 1.0
283.573 5.274000000000001 1.0
305.20799999999997 4.604000000000042 1.0
326.704 4.718999999999994 1.0
341.28999999999996 5.102000000000032 1.0
382.584 4.658999999999992 1.0
392.10499999999996 5.857000000000028 1.0
408.24399999999997 4.968999999999994 1.0
428.736 4.432000000000016 1.0
467.908 5.34499999999997 1.0
516.101 5.017000000000053 1.0
605.9110000000001 4.662000000000035 1.0
623.984 4.9950000000000045 1.0
659.673 4.384000000000128 1.0
