9.572 6.289999999999999 1.0
26.08 5.2570000000000014 1.0
31.345 4.945000000000007 1.0
41.686 4.574000000000005 1.0
51.894000000000005 4.275999999999996 1.0
56.178000000000004 5.184999999999995 1.0
70.703 5.668000000000006 1.0
76.378 4.8870000000000005 1.0
90.75200000000001 4.131 1.0
94.888 4.315999999999988 1.0
109.44 4.606999999999999 1.0
114.053 5.368000000000009 1.0
129.484 4.323999999999984 1.0
138.15699999999998 4.298999999999978 1.0
142.46499999999997 4.839000000000027 1.0
157.95399999999998 3.945999999999998 1.0
161.90699999999998 4.621000000000009 1.0
176.433 4.849999999999994 1.0
185.91299999999998 5.088000000000022 1.0
195.47299999999998 5.372000000000014 1.0
205.27599999999998 5.72999999999999 1.0
211.015 4.335000000000008 1.0
220.37099999999998 4.313000000000017 1.0
224.69 4.725999999999999 1.0
229.423 5.498999999999995 1.0
234.929 5.3659999999999854 1.0
250.617 4.662000000000006 1.0
255.286 4.360000000000014 1.0
268.907 4.954000000000008 1.0
273.86699999999996 5.097000000000094 1.0
288.854 4.830000000000041 1.0
293.69 5.473999999999933 1.0
309.817 6.847999999999956 1.0
316.67199999999997 4.778999999999996 1.0
331.431 4.856000000000051 1.0
336.295 4.988999999999976 1.0
346.397 5.154999999999973 1.0
356.109 5.728999999999985 1.0
361.846 5.668999999999983 1.0
367.522 5.581999999999994 1.0
373.111 4.640999999999963 1.0
387.24899999999997 4.8489999999999895 1.0
397.967 4.80800000000005 1.0
413.21999999999997 5.640999999999963 1.0
418.86699999999996 5.123000000000047 1.0
433.178 4.897999999999968 1.0
438.08299999999997 4.788000000000011 1.0
448.366 4.271999999999991 1.0
452.644 5.1129999999999995 1.0
457.764 5.286000000000001 1.0
473.262 4.715999999999951 1.0
477.984 4.543999999999983 1.0
482.53499999999997 3.9920000000000186 1.0
491.505 4.592000000000041 1.0
496.103 4.8689999999999145 1.0
500.97999999999996 4.656000000000006 1.0
511.181 4.912999999999954 1.0
521.1260000000001 5.192999999999984 1.0
526.325 5.411000000000058 1.0
536.9290000000001 5.147999999999911 1.0
542.0830000000001 5.833999999999946 1.0
552.696 4.550999999999931 1.0
557.2520000000001 4.553999999999974 1.0
561.8140000000001 5.124999999999886 1.0
572.0970000000001 4.905999999999949 1.0
577.0110000000001 4.298999999999978 1.0
586.3340000000001 5.271000000000072 1.0
591.613 5.151000000000067 1.0
596.7700000000001 4.5049999999999955 1.0
610.581 4.294999999999959 1.0
614.883 4.725999999999999 1.0
628.985 5.000000000000114 1.0
633.993 4.713000000000079 1.0
638.714 5.238999999999919 1.0
649.3090000000001 5.458999999999946 1.0
654.774 4.8940000000000055 1.0
