3.226 6.339999999999999 1.0
15.867999999999999 4.760000000000002 1.0
36.297000000000004 5.382999999999996 1.0
46.269000000000005 5.618000000000002 1.0
61.371 4.818999999999988 1.0
81.271 5.162999999999997 1.0
99.211 4.649000000000001 1.0
119.429 4.564000000000007 1.0
147.31099999999998 5.447000000000003 1.0
166.534 5.131 1.0
191.00799999999998 4.459000000000003 1.0
215.356 5.008999999999986 1.0
240.29999999999998 5.213999999999999 1.0
259.651 4.706000000000017 1.0
278.973 4.593999999999994 1.0
299.17199999999997 6.031000000000006 1.0
321.45799999999997 5.239000000000033 1.0
351.56 4.5429999999999495 1.0
377.76 4.8180000000000405 1.0
402.781 5.456999999999994 1.0
423.99899999999997 4.7309999999999945 1.0
442.87899999999996 5.4809999999999945 1.0
463.057 4.84499999999997 1.0
486.534 4.966000000000008 1.0
505.642 5.534999999999968 1.0
531.745 5.176000000000045 1.0
547.9250000000001 4.764999999999873 1.0
566.946 5.143000000000029 1.0
581.316 5.013000000000034 1.0
601.2810000000001 4.625 1.0
619.615 4.364000000000033 1.0
643.962 5.343000000000188 1.0
